      0/19        0G    0.0761  0.005087         0   0.08119         2       320    0.0639    0.3056   0.04244    0.0082   0.09935  0.006563         0
      1/19        0G   0.05855  0.004526         0   0.06308         2       320   0.07658    0.1759   0.04918   0.01351    0.1158  0.005112         0
      2/19        0G   0.05449  0.004485         0   0.05897         2       320     0.203    0.2809    0.1478   0.04669    0.1072  0.005485         0
      3/19        0G   0.05268  0.004748         0   0.05743         7       320    0.3803    0.2346    0.1864   0.06899    0.1097  0.005776         0
      4/19        0G   0.05039  0.004306         0   0.05469         4       320    0.5601    0.4599    0.4756     0.224    0.1121  0.005057         0
      5/19        0G   0.04681  0.004353         0   0.05116         3       320    0.7821    0.5428    0.6255     0.327    0.1132  0.004714         0
      6/19        0G   0.04599  0.004088         0   0.05008         3       320    0.9158    0.7054    0.8418    0.4569    0.1083  0.004556         0
      7/19        0G   0.04379  0.004222         0   0.04801         4       320    0.8799    0.8363    0.8828     0.549    0.1037  0.004417         0
      8/19        0G   0.04224  0.004207         0   0.04645         1       320    0.9653    0.7901    0.8958    0.5802    0.1012  0.004249         0
      9/19        0G   0.03766  0.003957         0   0.04162         3       320    0.9786    0.8485    0.9177    0.5953   0.09765  0.004152         0
     10/19        0G   0.03803    0.0041         0   0.04214         2       320    0.9756     0.864    0.9313    0.6528   0.09284  0.004313         0
     11/19        0G   0.03525   0.00387         0   0.03912         5       320    0.9761    0.8827    0.9277    0.6619   0.09211  0.004327         0
     12/19        0G   0.03484  0.003969         0   0.03881         2       320      0.97    0.8981      0.94    0.6869   0.08974  0.004252         0
     13/19        0G   0.03443  0.003826         0   0.03826         3       320    0.9829     0.892    0.9383    0.7106   0.08625  0.004524         0
     14/19        0G   0.03304  0.003765         0    0.0368         1       320    0.9702    0.9042    0.9435    0.7172   0.08106  0.004845         0
     15/19        0G    0.0329  0.003805         0    0.0367         4       320    0.9737    0.9134    0.9488    0.7309   0.08007  0.004944         0
     16/19        0G   0.03267    0.0037         0   0.03637         2       320    0.9834    0.9167      0.95    0.7288   0.08298  0.004833         0
     17/19        0G   0.03151  0.003826         0   0.03533         9       320    0.9899    0.9136     0.949    0.7368   0.08287  0.004762         0
     18/19        0G   0.03171  0.003696         0   0.03541         5       320    0.9702    0.9042    0.9461    0.7372   0.08193  0.004761         0
     19/19        0G   0.03151  0.003736         0   0.03524         5       320    0.9865    0.9043    0.9523    0.7428   0.08104  0.004852         0
